0491382567
0592347168
0765238149
0765283194
0837164529
0861743295
0925461738
0941832567
1645290837
1674329058
1738092546
1850923476
2381490765
2546173809
2567049138
2567094183
2831940765
2908371645
3194076528
3290581674
3295086174
3471680592
3476185092
3716452908
3809254617
3825670491
4183256709
4529083716
4617380925
4907652381
5092347618
5382619074
5470916283
5816743290
6174329508
6190745382
6283547091
6523814907
6528319407
6704913825
6709418325
6805923471
7091628354
7168059234
7432905816
7432950861
7453826190
7618509234
8149076523
8261907453
8325670941
8354709162
9058167432
9074538261
9138256704
9162835470
9234716805
9234761850
9407652831
9508617432
