100Thousand:
    0.028s
    0.015s
    0.019
    0.02
    0.021
    0.023
    avg: 0.021
1 Million:
    0.057
    0.03
    0.046
    0.029
    0.132
    0.055
    avg: 0.058167
2 Million:
    0.053
    0.177
    0.152
    0.13
    0.593
    0.152
    avg: 0.2095
3 Million:
    0.033
    0.03
    0.145
    0.956
    0.126
    0.96
    avg:0.375
4 Million:
    0.346
    0.16
    0.17
    0.199
    0.156
    0.4
    avg: 0.2385
5 Million:
    0.3458
    0.323
    0.34
    0.35
    0.4
    0.38
    avg: 0.354567
10 Million:
    2.308
    2.175
    2.375
    2.806
    2.319
    2.557
    avg: 2.4234
